1 2
1 3
4 5
4 6
4 7
4 8
9 10
11 12
13 14
13 15
13 16
13 17
13 18
13 19
13 20
13 5
13 21
13 22
13 23
13 6
13 24
13 25
13 26
13 7
27 28
29 30
29 31
15 14
15 19
15 26
16 32
16 33
16 22
16 34
16 35
16 36
16 23
16 3
16 37
38 28
39 20
39 40
17 41
17 42
43 16
43 38
43 17
43 18
43 44
43 45
43 5
43 46
43 47
43 48
43 49
43 24
43 50
43 51
43 52
43 7
43 42
18 38
18 39
18 53
18 20
18 54
18 5
18 21
18 55
18 56
18 6
18 25
18 57
18 7
18 58
59 60
61 62
61 63
64 65
64 30
64 29
64 61
64 62
64 63
64 66
64 67
64 68
64 69
64 70
64 6
64 71
64 72
73 74
73 75
76 13
76 15
76 16
76 43
76 18
76 5
76 22
76 23
76 49
76 6
76 25
76 51
77 2
44 17
44 41
44 50
44 42
19 26
78 59
20 53
20 54
20 55
20 12
20 25
32 33
32 35
45 44
63 62
5 27
5 30
5 38
5 44
5 53
5 20
5 21
5 28
5 55
5 79
5 80
5 6
5 52
5 81
5 7
82 9
82 83
82 10
21 20
21 54
21 84
21 28
21 85
21 55
21 86
21 12
21 25
21 52
21 81
21 7
33 35
33 3
22 1
22 9
22 59
22 87
22 77
22 78
22 2
22 82
22 10
22 35
22 88
22 89
22 90
22 91
22 6
22 3
22 52
22 92
22 37
22 93
22 94
95 47
95 6
66 30
66 29
66 61
66 62
84 96
84 58
28 85
28 97
41 50
34 36
47 18
47 45
47 98
47 48
47 99
47 7
47 8
10 59
10 87
10 78
10 90
10 91
10 92
10 93
10 94
35 3
88 73
88 3
55 54
68 63
86 81
86 7
12 100
12 101
40 85
91 90
80 28
80 85
80 58
70 30
70 53
70 66
70 6
102 17
23 37
49 13
49 27
49 16
49 38
49 17
49 44
49 32
49 5
49 46
49 21
49 22
49 41
49 48
49 103
49 102
49 23
49 24
49 51
49 52
49 37
49 7
49 8
49 42
6 1
6 30
6 80
6 52
6 26
99 98
24 38
3 83
3 59
3 77
3 78
3 2
3 82
3 10
3 90
25 15
25 19
25 54
25 55
25 6
25 26
51 13
51 16
51 38
51 18
51 5
51 21
51 22
51 84
51 28
51 47
51 85
51 98
51 86
51 97
51 48
51 40
51 80
51 23
51 6
51 99
51 25
51 57
51 7
57 104
57 58
105 73
52 1
52 27
52 73
52 88
52 80
52 3
81 85
7 27
7 39
7 104
7 106
7 53
7 100
7 20
7 54
7 82
7 84
7 28
7 101
7 85
7 55
7 12
7 48
7 40
7 56
7 80
7 6
7 25
7 57
7 52
7 58
8 27
8 17
8 18
8 20
8 5
8 21
8 84
8 101
8 12
8 48
8 40
8 56
8 6
8 52
8 81
8 7
8 93
8 58
8 42
93 87
58 56
71 70
71 7
42 41
42 48
42 50
107 5
94 90
94 91